1565 0.168767 19
1565 0.071646 48
1565 0.078079 48
1565 0.01398 13
1565 0.038691 40
1565 0.039629 61
1565 0.040931 82
1565 0.00861 23
1565 0.007413 8
1565 0.00658 13
1565 0.006552 13
1565 0.006552 13
1565 0.007063 18
1565 0.007009 18
1565 0.007031 18
1565 0.006464 13
1565 0.005936 8
1565 0.000961 3
1565 0.00066 3
1565 0.000645 3
1565 0.000638 3
1573 0.238669 33
1573 0.069944 54
1573 0.07271 54
1573 0.010082 13
1573 5.38469 186
1573 2.71556 207
1573 1.56195 272
1573 0.009 23
1573 0.4401 67
1573 0.01 16
1573 0.0093 35
1573 0.0088 39
1573 0.0072 23
1573 0.0098 55
1573 0.0129 105
1573 0.007 18
1573 0.006 8
1573 0.0007 3
1573 0.0006 3
1573 0.0007 3
1573 0.0006 3
1573 0.0007 3
1592 0.04355 3
1592 0.000762 3
1594 0.193578 13
1594 0.001176 19
1594 0.006292 13
1594 0.562291 2356
3653 0.054467 3
3653 0.000762 3
3653 0.00071 3
3653 0.000701 3
3653 0.000706 3
3653 0.007461 8
3896 0.063736 3
3896 0.000795 3
3896 0.00072 3
3896 0.000722 3
3896 0.000716 3
3896 0.00764 8
4129 0.151186 13
4129 0.050506 111
4129 0.601451 176
4129 0.057297 121
4129 0.56671 186
4129 0.18801 135
4129 0.58518 202
4129 0.19002 145
4129 0.5835 212
4129 0.0014 3
4129 0.00079 3
4129 0.00089 3
4129 0.00067 3
4129 0.00069 3
4129 0.00684 8
4129 0.00068 3
4129 0.00069 3
4129 0.00068 3
4129 0.00066 3
4129 0.00067 3
4129 0.0063 8
4286 0.126132 13
4286 0.049733 121
4286 0.055791 187
4286 0.822384 252
4286 0.18915 145
4286 0.20129 207
4286 0.84799 274
4286 0.00089 3
4286 0.00068 3
4286 0.00068 3
4286 0.00063 3
4286 0.00067 3
4286 0.00648 8
4402 0.068055 3
4402 0.000781 3
4402 0.000818 3
4402 0.008715 22
4402 0.007161 22
4402 0.0058 8
4729 0.091112 3
4729 0.000754 3
4729 0.000734 3
4729 0.007253 8
4729 1.09638 159
4729 0.00754 18
4729 0.00733 28
4729 1.57562 220
4729 1.93715 254
5047 0.092289 3
5047 0.000759 3
5047 0.000746 3
5047 0.007514 8
5047 1.0722 159
5047 0.00903 18
5047 0.00809 28
5047 1.62245 220
5047 1.88196 254
5356 0.090956 3
5356 0.000795 3
5356 0.000728 3
5356 0.007335 8
5356 0.006526 17
5356 0.006406 17
5356 0.006572 19
5356 0.010123 68
5356 0.012536 102
5799 0.103589 3
5799 0.000769 3
5799 0.000743 3
5799 0.000724 3
5799 0.000705 3
5799 0.000686 3
5799 0.000685 3
5799 0.000688 3
5799 0.000721 3
5799 0.000859 3
5799 0.008445 18
5799 0.006279 13
5799 0.006566 18
5799 0.007515 27
5799 0.007374 27
5799 0.008054 32
5799 0.008123 32
5842 0.104074 32
5842 0.1772 82
5842 0.178444 60
5842 0.273708 114
5842 0.013886 32
5842 0.166265 82
5842 0.169273 65
5842 0.27331 119
6140 0.085517 25
6140 0.271839 85
6140 0.254832 68
6140 0.00099 3
6330 0.119195 28
6330 0.006199 15
6330 0.03389 34
6330 0.012983 27
6330 0.008978 27
6330 0.169755 102
6330 0.175189 102
6330 0.001017 3
6330 0.000835 3
6330 0.000734 3
6330 0.000851 3
6330 0.001083 3
6330 0.000976 3
6330 0.001018 3
6330 0.000965 3
6330 0.000968 3
7074 0.126023 13
7074 0.001312 17
7074 0.00998 13
7074 1.53732 1919
7074 0.00111 3
7074 0.00073 3
7074 0.0007 3
7074 0.00065 3
7206 0.090294 13
7206 0.00111 17
7206 0.006269 13
7206 1.41175 1759
7370 0.037375 3
7370 0.000782 3
7370 0.000728 3
7370 0.000717 3
7626 0.149063 13
7626 0.001116 17
7626 0.00636 13
7626 2.77056 1960
7626 2.68712 1977
7626 0.00113 3
7626 0.0007 3
7626 0.00065 3
7626 0.00066 3
7626 2.66389 1977
7626 0.00114 3
7626 0.00071 3
7626 0.00068 3
7626 0.00066 3
7626 2.62426 1977
7626 0.0012 3
7626 0.0007 3
7626 0.0007 3
7626 0.0006 3
8062 0.091113 3
8062 0.000761 3
8062 0.000722 3
8062 0.000741 3
8062 0.00071 3
8062 0.000702 3
8062 0.000808 3
8062 0.000713 3
8062 0.009196 30
8062 0.006995 21
8062 0.006636 17
8062 0.006625 17
8062 0.005845 8
8072 0.073219 3
8072 0.000773 3
8072 0.000733 3
8072 0.000752 3
8072 0.000706 3
8072 0.00072 3
8072 0.000705 3
8072 0.000706 3
8072 0.000706 3
8072 0.007275 8
8700 0.196969 66
8700 0.169103 76
8700 0.097963 78
8700 0.285431 92
8700 0.009847 19
8700 0.063373 28
8990 0.055292 3
8990 0.008411 17
8990 0.000751 3
9185 0.046166 3
9185 0.000779 3
9440 2.95446 15
9440 0.00754 38
9440 0.35989 129
9440 0.00187 17
9440 15.2565 13012
9440 35.6772 39274
9440 0.0107 70
9440 21.0717 26245
9440 0.0091 38
9440 0.3904 129
9440 22.058 26393
9440 78.8506 65693
9632 0.04554 3
9632 0.000767 3
9824 3.06641 20
9824 0.00922 70
9824 0.87969 193
9824 0.00158 19
9824 15.1511 13908
9824 34.5727 41993
9824 0.0109 70
9824 0.8992 193
9824 24.8981 28161
9824 24.9131 28373
9824 88.944 70397
10032 0.069344 3
10032 0.000792 3
10032 0.000712 3
10032 0.000703 3
10032 0.007867 13
10032 0.075607 69
10227 0.064807 3
10227 0.00079 3
10227 0.000725 3
10227 0.000772 3
10227 0.000734 3
10227 0.009098 26
10227 0.005936 8
10454 0.093481 21
10454 0.00661 15
10454 0.544033 136
10454 0.547086 136
10454 0.00152 3
10454 0.00094 3
10454 0.00076 3
10454 0.00067 3
10454 0.00074 3
10723 0.086418 3
10723 0.000777 3
10723 0.000719 3
10723 0.008711 22
10723 0.007046 22
10723 0.00616 13
10723 0.006439 17
10723 0.006077 13
10723 0.000719 3
10723 0.005702 8
11011 0.087665 25
11011 0.007565 25
11011 0.006552 16
11011 0.006883 20
11011 0.006518 16
11011 0.000653 3
11011 0.000635 3
11011 0.000637 3
11011 0.005763 8
12461 0.14184 3
12461 0.000773 3
12461 0.000724 3
12461 0.000741 3
12461 0.000716 3
12461 0.000725 3
12461 0.000746 3
12461 0.000834 3
12461 0.000739 3
12461 0.000724 3
12461 0.000755 3
12461 0.000733 3
12461 0.000728 3
12461 0.000724 3
12461 0.000722 3
12461 0.000715 3
12461 0.000738 3
12461 0.000732 3
12461 0.104401 105
12461 0.074633 70
12461 0.075625 49
12461 0.074988 109
12461 0.080941 122
12461 0.077592 122
12732 0.120126 3
12732 0.000836 3
12732 0.000757 3
12732 0.000713 3
12732 0.000739 3
12732 0.00071 3
12732 0.00071 3
12732 0.000816 3
12732 0.000715 3
12732 0.000709 3
12732 0.000709 3
12732 0.000705 3
12732 0.000716 3
12732 0.000709 3
12732 0.000708 3
12732 0.000698 3
12732 0.000778 3
12732 0.000718 3
12732 0.085598 105
12732 0.073577 70
12732 0.070511 49
12999 0.12218 3
12999 0.000808 3
12999 0.000772 3
12999 0.000743 3
12999 0.000718 3
12999 0.000736 3
12999 0.000782 3
12999 0.000742 3
12999 0.000717 3
12999 0.000841 3
12999 0.000723 3
12999 0.00071 3
12999 0.000725 3
12999 0.000711 3
12999 0.000717 3
12999 0.000707 3
12999 0.000717 3
12999 0.000729 3
12999 0.000742 3
12999 0.00072 3
12999 0.011887 61
12999 0.00716 25
12999 0.008471 45
12999 0.166218 42
12999 0.102395 40
12999 0.001534 3
13205 0.058047 3
13205 0.007831 13
13205 0.006709 18
13205 0.000652 3
13205 0.000637 3
13716 0.129576 81
13716 0.014866 14
13716 0.001254 3
13716 0.000799 3
13911 0.074129 3
13911 0.000795 3
13911 0.000728 3
13911 0.000712 3
13911 0.000715 3
13911 0.000713 3
13911 0.000832 3
13911 0.009439 27
13911 0.00787 27
13911 0.005911 8
14099 1.0059 209
14099 0.89549 237
14099 0.82633 215
14099 0.94614 248
14319 0.43101 79
14319 0.387112 91
14319 0.001425 3
14319 0.000936 3
14319 0.000659 3
14319 0.000654 3
14319 0.000715 3
14319 0.000654 3
14319 0.007471 8
14613 0.137546 8
14613 0.006501 14
14613 0.009297 48
14613 0.009055 46
14613 0.967481 195
14613 0.0088 13
14613 0.20668 64
14613 3.56076 449
14613 4.04789 494
14613 0.00098 3
14613 0.00071 3
14613 0.00065 3
14613 0.00068 3
14613 0.00065 3
14613 0.00067 3
14613 0.00071 3
14613 0.00065 3
14613 0.00065 3
14890 0.058906 3
14890 0.000776 3
14890 0.000806 3
14890 0.008297 22
14890 0.005594 8
15078 0.042312 3
15078 0.000739 3
15266 0.114963 13
15266 0.001118 19
15266 0.006112 13
15266 0.453579 1739
15562 0.115936 3
15562 0.000795 3
15562 0.000742 3
15562 0.000726 3
15562 0.000734 3
15562 0.000714 3
15562 0.000842 3
15562 0.008402 18
15562 0.00646 13
15562 0.007739 27
15562 0.007751 27
15562 0.007645 27
15562 0.007067 22
15562 0.005837 8
15562 0.006617 17
15562 0.007302 23
15562 0.006717 18
15754 0.092246 3
15754 0.000789 3
15754 0.00074 3
15754 0.000726 3
15754 0.000716 3
15754 0.000714 3
15754 0.007876 13
15754 0.006475 14
15754 0.005821 9
15754 0.006496 18
15754 0.007912 30
15754 0.007082 25
16039 0.127591 54
16039 0.010284 74
16039 0.006067 13
16039 0.015605 141
16039 0.012943 82
16039 0.038007 332
16039 2.55281 625
16039 0.009 39
16308 0.52134 111
16308 0.424405 128
16308 0.873415 202
16505 0.127147 18
16505 0.011083 27
16505 0.86584 151
16505 0.88037 172
16505 1.1241 231
16863 0.101206 3
16863 0.000775 3
16863 0.00072 3
16863 0.000728 3
16863 0.000712 3
16863 0.000718 3
16863 0.112249 30
16863 0.160894 39
16863 0.156826 35
16863 0.114342 30
16863 0.138193 39
16863 0.116558 52
16863 0.161739 74
16863 0.15782 35
16863 0.15977 61
16863 0.0125 8
16863 0.00846 8
17427 0.067607 3
17427 0.000765 3
17427 0.000701 3
17427 0.000859 3
17427 0.008575 22
17427 0.007607 27
17427 0.005704 8
17596 0.070816 3
17596 0.000779 3
17596 0.000755 3
17596 0.009117 25
17596 0.008516 34
17596 0.007945 30
17596 0.005706 8
17865 0.075474 38
17865 0.009686 47
17865 0.010586 68
17865 0.000679 3
17865 0.000636 3
17865 0.000642 3
17865 0.005751 8
18106 0.066642 3
18106 0.000769 3
18106 0.00073 3
18106 0.148487 89
18106 0.146704 98
18106 0.143061 98
18106 0.148341 98
18262 0.081357 8
18262 0.204639 54
18262 0.198728 54
18262 0.255757 59
18262 0.243652 59
18262 1.65052 282
18262 0.30267 71
18262 0.06617 23
18262 0.00208 3
18262 0.03444 21
18262 0.31388 88
18551 0.455447 167
18551 0.410917 390
18551 0.002002 12
18551 0.002726 53
18551 0.00213 57
18551 0.002046 57
18551 1.25726 998
18551 0.00345 85
18551 0.00272 85
18551 1.05877 131
18551 2.24693 1005
19099 0.098516 20
19099 0.001237 14
19099 0.005032 76
19099 0.003106 47
19099 0.002912 50
19287 0.096605 12
19287 0.006382 22
19287 1.62289 218
19287 1.7058 240
19287 0.00091 4
19287 0.00074 4
19287 0.00074 4
19287 0.00074 4
19287 0.00073 4
19287 0.00073 4
19287 0.00072 4
19287 0.00074 4
19287 0.00077 4
19287 0.00072 4
19287 0.00071 4
19287 0.00071 4
19528 0.194707 12
19528 0.001043 6
19528 0.00149 15
19528 0.143853 103
19528 0.004438 15
19528 0.151757 153
19528 0.067473 63
19528 0.148041 72
19528 0.213735 87
19528 0.208343 89
19528 0.00417 22
19528 0.00793 15
19528 0.00904 27
19528 0.00141 17
19528 0.00144 16
19528 0.00629 12
19528 0.00621 12
19528 0.00256 33
19528 0.26457 223
19528 0.34754 243
19528 0.35042 269
19528 0.00968 12
19528 0.00139 5
19528 0.00708 12
19528 0.40309 234
19528 0.06701 62
19528 0.07412 67
19528 0.06694 67
19528 0.07116 67
19528 0.19118 183
19528 0.10715 173
19823 0.046566 3
19823 0.000752 3
19823 0.000743 3
19823 0.000721 3
20261 0.117552 28
20261 0.006475 15
20261 0.035659 34
20261 0.012434 32
20261 0.188107 111
20261 0.154867 60
20261 0.343238 143
20261 0.013951 32
20261 0.196727 111
20261 0.1633 65
20261 0.32933 148
20261 0.00113 3
20261 0.00088 3
20261 0.00074 3
20261 0.00067 3
20261 0.00069 3
20261 0.00072 3
20261 0.0007 3
20603 0.068167 25
20603 0.258117 85
20603 0.252186 68
20603 0.001347 3
20836 0.080382 33
20836 0.00586 8
20836 0.510705 160
20836 0.001451 3
20836 0.000914 3
20836 0.000685 3
21125 0.076631 33
21125 0.005836 8
21125 0.542481 160
21125 0.001017 3
21125 0.000833 3
21125 0.000758 3
21336 0.19723 67
22026 0.125739 3
22026 0.000755 3
22026 0.000719 3
22026 0.000693 3
22026 0.000697 3
22026 0.000688 3
22026 0.000817 3
22026 0.00073 3
22026 0.00069 3
22026 0.000696 3
22026 0.000715 3
22026 0.000719 3
22026 0.000794 3
22026 0.00072 3
22026 0.000732 3
22026 1.9415 176
22026 2.46527 253
22026 2.12894 264
22026 0.09304 61
22026 0.2209 116
22026 2.50065 301
22377 0.102249 20
22377 0.102469 75
22377 0.921052 207
22377 0.98924 220
22377 0.9395 220
22377 0.87488 183
22377 0.85182 192
22377 0.8807 192
22377 0.00103 3
22377 0.00083 3
23052 0.425948 94
23052 0.293457 81
23052 0.001323 3
23052 0.000881 3
23501 0.934392 211
23501 0.970508 239
23501 0.85365 215
23501 0.99781 248
23501 0.001 3
23501 0.00092 3
23501 0.0008 3
23501 0.00077 3
23502 1.56687 351
23502 3.2301 492
23945 0.050543 3
23945 0.000774 3
23945 0.000759 3
23945 0.007391 8
24309 1.60172 351
24309 3.24409 492
24329 0.053494 3
24329 0.000795 3
24329 0.000733 3
24329 0.007534 8
24568 0.066814 3
24568 0.000783 3
24568 0.000724 3
24568 0.010114 32
24568 0.009409 41
24568 0.010394 62
24568 0.005968 8
25023 10.0021 1048
25023 0.0485 207
25023 0.2713 1289
25023 0.0638 381
25023 0.5064 585
25023 2.325 1843
25023 57.3381 18724
25023 31.6448 18775
25023 50.099 18790
25023 29.237 18857
25023 29.323 20054
25023 29.361 20107
25023 29.67 20116
25023 29.757 20189
25023 0.004 6
25023 0.001 3
25023 0.001 3
25023 0 3
25023 0.001 3
25023 0.001 3
25023 0 3
25023 0.008 8
25215 0.159264 172
25215 5.64357 617
25215 0.06351 329
25215 8.46756 500
25215 13.4897 3259
25215 11.347 3324
25215 0.0609 325
25215 14.8614 4006
25215 12.7744 4073
25215 0.0016 4
26579 0.14336 117
26579 9.13808 1217
26579 0.0327 212
26579 3.24266 376
26579 13.3921 3033
26579 11.9755 3098
26579 0.0336 210
26579 12.5056 3536
26579 11.0052 3603
26579 0.0016 4
