1537 0.330339 33
1537 0.089885 54
1537 0.080242 54
1537 0.052508 13
1537 5.57128 186
1537 2.60418 207
1537 1.93677 272
1537 0.0594 23
1537 7.1726 67
1537 0.0788 16
1537 0.0622 35
1537 0.063 39
1537 0.0655 23
1537 0.1046 55
1537 0.1617 105
1537 0.0798 18
1537 0.0375 8
1537 0.0015 3
1537 0.0012 3
1537 0.0012 3
1537 0.0011 3
1537 0.0011 3
1569 0.253329 19
1569 0.085511 48
1569 0.085043 48
1569 0.055275 13
1569 0.074617 40
1569 0.076296 61
1569 0.080892 82
1569 0.05305 23
1569 0.038681 8
1569 0.058967 13
1569 0.055892 13
1569 0.056386 13
1569 0.072711 18
1569 0.07968 18
1569 0.0734 18
1569 0.05663 13
1569 0.03767 8
1569 0.00189 3
1569 0.00111 3
1569 0.00102 3
1569 0.00103 3
1589 0.041302 3
1589 0.001034 3
1590 0.303971 13
1590 0.002227 19
1590 0.038464 13
1590 0.720008 2356
3766 0.085214 3
3766 0.001419 3
3766 0.001274 3
3766 0.001241 3
3766 0.001206 3
3766 0.041853 8
4017 0.095966 3
4017 0.001551 3
4017 0.001386 3
4017 0.001266 3
4017 0.001264 3
4017 0.042166 8
4084 0.2582 13
4084 0.347817 111
4084 0.472783 176
4084 0.36871 121
4084 0.48321 186
4084 0.40718 135
4084 0.3754 202
4084 0.37729 145
4084 0.38015 212
4084 0.00165 3
4084 0.00133 3
4084 0.00128 3
4084 0.00109 3
4084 0.00109 3
4084 0.03639 8
4084 0.00116 3
4084 0.00102 3
4084 0.00131 3
4084 0.00239 3
4084 0.00117 3
4084 0.04463 8
4377 0.210944 13
4377 0.394997 121
4377 0.516549 187
4377 0.71069 252
4377 0.34502 145
4377 0.54218 207
4377 0.63073 274
4377 0.00151 3
4377 0.00125 3
4377 0.00117 3
4377 0.00106 3
4377 0.00108 3
4377 0.03854 8
4516 0.077011 3
4516 0.001202 3
4516 0.001214 3
4516 0.078118 22
4516 0.073234 22
4516 0.038307 8
4904 0.121848 3
4904 0.001405 3
4904 0.001347 3
4904 0.039161 8
4904 10.2057 159
4904 0.0615 18
4904 0.1083 28
4904 11.1993 220
4904 10.9591 254
5655 0.097278 3
5655 0.000985 3
5655 0.000859 3
5655 0.036446 8
5655 12.1402 159
5655 0.0496 18
5655 0.1075 28
5655 8.4979 220
5655 9.9699 254
5699 0.137982 3
5699 0.001586 3
5699 0.001493 3
5699 0.046836 8
5699 0.061954 17
5699 0.062249 17
5699 0.072025 19
5699 0.17534 68
5699 0.256223 102
5975 0.14878 3
5975 0.001457 3
5975 0.001301 3
5975 0.001246 3
5975 0.00118 3
5975 0.001192 3
5975 0.001163 3
5975 0.001144 3
5975 0.001189 3
5975 0.00155 3
5975 0.08538 18
5975 0.064746 13
5975 0.08287 18
5975 0.112239 27
5975 0.104626 27
5975 0.131568 32
5975 0.134812 32
6333 0.211902 32
6333 0.21042 82
6333 0.142045 60
6333 0.213096 114
6333 0.136116 32
6333 0.211671 82
6333 0.13493 65
6333 0.21402 119
6599 0.153491 25
6599 0.174816 85
6599 0.178592 68
6599 0.001274 3
6993 0.284309 28
6993 0.097885 15
6993 0.10357 34
6993 0.131161 27
6993 0.123694 27
6993 0.201914 102
6993 0.169097 102
6993 0.00127 3
6993 0.00141 3
6993 0.0009 3
6993 0.00093 3
6993 0.00086 3
6993 0.00088 3
6993 0.00085 3
6993 0.00097 3
6993 0.00088 3
7835 0.15442 13
7835 0.00183 17
7835 0.037086 13
7835 1.37897 1919
7835 0.00124 3
7835 0.00074 3
7835 0.00067 3
7835 0.00079 3
8360 0.15766 13
8360 0.00204 17
8360 0.043382 13
8360 1.43821 1759
8489 0.054304 3
8489 0.001319 3
8489 0.001194 3
8489 0.001151 3
8773 0.180467 13
8773 0.002264 17
8773 0.039239 13
8773 2.84874 1960
8773 2.87674 1977
8773 0.00177 3
8773 0.00115 3
8773 0.00098 3
8773 0.00095 3
8773 2.72415 1977
8773 0.00177 3
8773 0.00121 3
8773 0.00109 3
8773 0.00102 3
8773 2.72166 1977
8773 0.0022 3
8773 0.0013 3
8773 0.0013 3
8773 0.0019 3
9068 0.123018 3
9068 0.001392 3
9068 0.001268 3
9068 0.001143 3
9068 0.001097 3
9068 0.001132 3
9068 0.001245 3
9068 0.001086 3
9068 0.080135 30
9068 0.055226 21
9068 0.054444 17
9068 0.047392 17
9068 0.04439 8
9242 0.09451 3
9242 0.001281 3
9242 0.001193 3
9242 0.001086 3
9242 0.001135 3
9242 0.001015 3
9242 0.001034 3
9242 0.001019 3
9242 0.00102 3
9242 0.035464 8
9880 0.201416 66
9880 0.190698 76
9880 0.105237 78
9880 0.271602 92
9880 0.069254 19
9880 0.07291 28
10176 0.06951 3
10176 0.069265 17
10176 0.001504 3
10434 0.047935 3
10434 0.000804 3
10629 3.62649 15
10629 0.10364 38
10629 0.28414 129
10629 0.0024 17
10629 11647.2 13012
10629 2074.5 39274
10629 0.2 70
10629 1061 26245
10629 0.1 38
10629 0.4 129
10629 815.6 26393
10629 3492.7 65693
10818 0.052033 3
10818 0.001379 3
11010 3.43918 20
11010 0.25023 70
11010 0.76298 193
11010 0.00193 19
11010 12102.1 13908
11010 2438.4 41993
11010 0.3 70
11010 0.9 193
11010 1297.3 28161
11010 1265.1 28373
11010 9861.5 70397
11199 0.089638 3
11199 0.001529 3
11199 0.001271 3
11199 0.001281 3
11199 0.042395 13
11199 0.119896 69
11409 0.072219 3
11409 0.001338 3
11409 0.001205 3
11409 0.001174 3
11409 0.001152 3
11409 0.085454 26
11409 0.042998 8
11646 0.219474 21
11646 0.078302 15
11646 2.11576 136
11646 1.91819 136
11646 0.00144 3
11646 0.00105 3
11646 0.00099 3
11646 0.00091 3
11646 0.00101 3
11995 0.090392 3
11995 0.000874 3
11995 0.000788 3
11995 0.087736 22
11995 0.09871 22
11995 0.058726 13
11995 0.062403 17
11995 0.059894 13
11995 0.001662 3
11995 0.037005 8
12210 0.171958 25
12210 0.071545 25
12210 0.05755 16
12210 0.059724 20
12210 0.074998 16
12210 0.001384 3
12210 0.001155 3
12210 0.00109 3
12210 0.036933 8
14087 0.15345 3
14087 0.000842 3
14087 0.000724 3
14087 0.000725 3
14087 0.000715 3
14087 0.000728 3
14087 0.000704 3
14087 0.000853 3
14087 0.000711 3
14087 0.000713 3
14087 0.000725 3
14087 0.000707 3
14087 0.000739 3
14087 0.00071 3
14087 0.000715 3
14087 0.000725 3
14087 0.000719 3
14087 0.00072 3
14087 0.124171 105
14087 0.091585 70
14087 0.066119 49
14087 0.101084 109
14087 0.093063 122
14087 0.100414 122
14984 0.12745 3
14984 0.000868 3
14984 0.000757 3
14984 0.000757 3
14984 0.00073 3
14984 0.000727 3
14984 0.000734 3
14984 0.000903 3
14984 0.000757 3
14984 0.000726 3
14984 0.000747 3
14984 0.000723 3
14984 0.000788 3
14984 0.000756 3
14984 0.000732 3
14984 0.000732 3
14984 0.000742 3
14984 0.000726 3
14984 0.13917 105
14984 0.076517 70
14984 0.056915 49
17772 0.165671 3
17772 0.001028 3
17772 0.000946 3
17772 0.001006 3
17772 0.000936 3
17772 0.000873 3
17772 0.000878 3
17772 0.000919 3
17772 0.000835 3
17772 0.001005 3
17772 0.000823 3
17772 0.000895 3
17772 0.000838 3
17772 0.000853 3
17772 0.000829 3
17772 0.000842 3
17772 0.00082 3
17772 0.000825 3
17772 0.000813 3
17772 0.000818 3
17772 0.155163 61
17772 0.059532 25
17772 0.103638 45
17772 0.151541 42
17772 0.10732 40
17772 0.002428 3
19627 0.064452 3
19627 0.06109 13
19627 0.087437 18
19627 0.001591 3
19627 0.000872 3
21434 0.225061 81
21434 0.067939 14
21434 0.001773 3
21434 0.00159 3
22335 0.081144 3
22335 0.000932 3
22335 0.000823 3
22335 0.000784 3
22335 0.000811 3
22335 0.000752 3
22335 0.0009 3
22335 0.106918 27
22335 0.106789 27
22335 0.033356 8
23379 3.66817 209
23379 3.27792 237
23379 3.52151 215
23379 3.1668 248
25121 0.387603 79
25121 0.326598 91
25121 0.001357 3
25121 0.001049 3
25121 0.000974 3
25121 0.000934 3
25121 0.000914 3
25121 0.000898 3
25121 0.038087 8
27457 0.204027 8
27457 0.069046 14
27457 0.278834 48
27457 0.240618 46
27457 5.58254 195
27457 0.04147 13
27457 0.4818 64
27457 48.0902 449
27457 65.3575 494
27457 0.002 3
27457 0.001 3
27457 0.001 3
27457 0.001 3
27457 0.001 3
27457 0.001 3
27457 0.001 3
27457 0.001 3
27457 0.001 3
28446 0.062496 3
28446 0.000936 3
28446 0.000994 3
28446 0.093688 22
28446 0.036427 8
30277 0.043004 3
30277 0.000933 3
30476 0.209981 13
30476 0.002134 19
30476 0.036894 13
30476 0.5877 1739
33395 0.118883 3
33395 0.000901 3
33395 0.000765 3
33395 0.000748 3
33395 0.000742 3
33395 0.000765 3
33395 0.000912 3
33395 0.079449 18
33395 0.062899 13
33395 0.118249 27
33395 0.097265 27
33395 0.095564 27
33395 0.084954 22
33395 0.041589 8
33395 0.066282 17
33395 0.113517 23
33395 0.082853 18
37479 0.129817 3
37479 0.001403 3
37479 0.001242 3
37479 0.001172 3
37479 0.001214 3
37479 0.001161 3
37479 0.073873 13
37479 0.056116 14
37479 0.037992 9
37479 0.05888 18
37479 0.10841 30
37479 0.099617 25
42906 1.47195 54
42906 1.4122 74
42906 0.05333 13
42906 0.38189 141
42906 0.62004 82
42906 0.65584 332
42906 4.18252 625
42906 0.07552 39
43206 0.531041 111
43206 0.385397 128
43206 0.795002 202
46136 0.147452 18
46136 0.36158 27
46136 3.12903 151
46136 2.13823 172
46136 3.20547 231
50591 0.107357 3
50591 0.00085 3
50591 0.000776 3
50591 0.000762 3
50591 0.000745 3
50591 0.000735 3
50591 0.114936 30
50591 0.114755 39
50591 0.125898 35
50591 0.102797 30
50591 0.129731 39
50591 0.119735 52
50591 0.142836 74
50591 0.141957 35
50591 0.12954 61
50591 0.03151 8
50591 0.03682 8
51131 0.06832 3
51131 0.000874 3
51131 0.000762 3
51131 0.000895 3
51131 0.084271 22
51131 0.118739 27
51131 0.03936 8
53551 0.067991 3
53551 0.000872 3
53551 0.000818 3
53551 0.103111 25
53551 0.138128 34
53551 0.156271 30
53551 0.037797 8
55379 0.21121 38
55379 0.179541 47
55379 0.171116 68
55379 0.001727 3
55379 0.000955 3
55379 0.000655 3
55379 0.03479 8
55654 0.064555 3
55654 0.000816 3
55654 0.00076 3
55654 0.130412 89
55654 0.150116 98
55654 0.14636 98
55654 0.143668 98
55859 0.083328 8
55859 0.187529 54
55859 0.192192 54
55859 0.230878 59
55859 0.205089 59
55859 1.8539 282
55859 0.28079 71
55859 0.06833 23
55859 0.00181 3
55859 0.03306 21
55859 0.30008 88
56829 0.528232 167
56829 0.425588 390
56829 0.001692 12
56829 0.002518 53
56829 0.002081 57
56829 0.002023 57
56829 1.13922 998
56829 0.00348 85
56829 0.00309 85
56829 3.75086 131
56829 43.4308 1005
57416 0.101759 20
57416 0.001322 14
57416 0.00553 76
57416 0.003276 47
57416 0.003132 50
57609 0.156341 12
57609 0.126713 22
57609 2.0757 218
57609 2.35891 240
57609 0.00105 4
57609 0.00079 4
57609 0.00086 4
57609 0.00141 4
57609 0.00136 4
57609 0.0013 4
57609 0.00093 4
57609 0.00077 4
57609 0.00074 4
57609 0.00073 4
57609 0.00082 4
57609 0.00076 4
58143 0.224943 12
58143 0.001628 6
58143 0.002191 15
58143 0.135452 103
58143 0.004089 15
58143 0.143352 153
58143 0.076414 63
58143 0.140118 72
58143 0.205066 87
58143 0.189517 89
58143 0.00461 22
58143 0.05801 15
58143 0.09366 27
58143 0.00207 17
58143 0.00192 16
58143 0.03087 12
58143 0.03676 12
58143 0.0038 33
58143 0.21704 223
58143 0.29663 243
58143 0.30128 269
58143 0.03636 12
58143 0.00349 5
58143 0.03806 12
58143 0.31259 234
58143 0.06315 62
58143 0.08196 67
58143 0.06918 67
58143 0.08722 67
58143 0.40641 183
58143 0.108 173
58382 0.051419 3
58382 0.000812 3
58382 0.000732 3
58382 0.00074 3
58776 0.261669 28
58776 0.096492 15
58776 0.089372 34
58776 0.151234 32
58776 0.250618 111
58776 0.171485 60
58776 0.28245 143
58776 0.14218 32
58776 0.27269 111
58776 0.17361 65
58776 0.28588 148
58776 0.00182 3
58776 0.0011 3
58776 0.00123 3
58776 0.00083 3
58776 0.00076 3
58776 0.00068 3
58776 0.00066 3
59173 0.158257 25
59173 0.207294 85
59173 0.208972 68
59173 0.002337 3
59440 0.166986 33
59440 0.045478 8
59440 0.465148 160
59440 0.001168 3
59440 0.000867 3
59440 0.000765 3
59675 0.166662 33
59675 0.043767 8
59675 0.498849 160
59675 0.001526 3
59675 0.001184 3
59675 0.000883 3
59898 0.209166 67
60710 0.162493 3
60710 0.00092 3
60710 0.000738 3
60710 0.000724 3
60710 0.000742 3
60710 0.000739 3
60710 0.000865 3
60710 0.000719 3
60710 0.000725 3
60710 0.000754 3
60710 0.000742 3
60710 0.000725 3
60710 0.000725 3
60710 0.000742 3
60710 0.000729 3
60710 8.6676 176
60710 10.633 253
60710 7.6752 264
60710 0.0802 61
60710 0.1921 116
60710 2.8727 301
61040 0.411402 20
61040 0.129758 75
61040 3.46331 207
61040 2.51777 220
61040 1.64388 220
61040 2.03038 183
61040 1.1954 192
61040 1.0402 192
61040 0.0014 3
61040 0.001 3
62145 2.78368 94
62145 3.06683 81
62145 0.00149 3
62145 0.0009 3
62553 6.99691 211
62553 5.22279 239
62553 6.091 215
62553 7.5024 248
62553 0.0011 3
62553 0.0008 3
62553 0.0007 3
62553 0.0007 3
62843 42.3585 351
62843 150.127 492
64660 0.053672 3
64660 0.000827 3
64660 0.000748 3
64660 0.031503 8
64916 43.9095 351
64916 163.254 492
65157 0.057376 3
65157 0.001213 3
65157 0.001052 3
65157 0.037141 8
65498 0.090975 3
65498 0.001501 3
65498 0.001038 3
65498 0.137264 32
65498 0.154591 41
65498 0.112748 62
65498 0.033129 8
66706 11.1373 1048
66706 0.7162 207
66706 2.7029 1289
66706 0.1002 381
66706 1.7508 585
66706 128.844 1843
66706 926.779 18724
66706 52.49 18775
66706 931.29 18790
66706 55.29 18857
66706 56.53 20054
66706 57.14 20107
66706 58.84 20116
66706 56.39 20189
66706 0.01 3
66706 0 3
66706 0 3
66706 0 3
66706 0 3
66706 0 3
66706 0 6
66706 0.06 8
67091 1.75011 172
67091 6.5264 617
67091 2.73299 329
67091 6.2006 500
67091 16.302 3259
67091 8.2399 3324
67091 2.8579 325
67091 18.0179 4006
67091 9.8922 4073
67091 0.0031 4
69710 0.943813 117
69710 11.0814 1217
69710 1.4769 212
69710 3.258 376
69710 9.4925 3033
69710 7.0315 3098
69710 1.3548 210
69710 11.9038 3536
69710 9.9939 3603
69710 0.0024 4
